0.12929272651672363
7.22438907623291
0.35657429695129395
0.35358619689941406
7.480850458145142
0.06386637687683105
0.06214570999145508
0.05803990364074707
0.05594992637634277
0.05584716796875
0.055750131607055664
0.05550956726074219
0.05532526969909668
0.05565619468688965
0.05558276176452637
0.05565762519836426
0.05562281608581543
0.05546307563781738
0.05536007881164551
0.055436134338378906
0.05562853813171387
0.05564379692077637
0.055846452713012695
0.05535769462585449
0.05534958839416504
0.05535602569580078
7.5100319385528564
7.2927610874176025
7.264735460281372
7.289764404296875
