0.12984538078308105
0.14243769645690918
0.14110350608825684
0.1489086151123047
0.13611173629760742
0.19727373123168945
0.17421889305114746
0.2065744400024414
0.29346203804016113
0.20221638679504395
0.1958606243133545
0.27310800552368164
0.22009944915771484
0.19596409797668457
0.19830775260925293
0.17964982986450195
0.19823813438415527
0.20569920539855957
0.18664264678955078
0.2556157112121582
0.39005517959594727
0.19775390625
0.1797337532043457
0.17695856094360352
0.2072007656097412
0.18600034713745117
0.18654108047485352
0.18946290016174316
0.1782684326171875
0.17069435119628906
0.19478249549865723
0.18912148475646973
0.18117904663085938
0.17842626571655273
0.18968486785888672
0.18747997283935547
0.1952838897705078
0.2095489501953125
0.19489431381225586
0.3480343818664551
0.19498372077941895
0.19019365310668945
0.32491636276245117
0.2515230178833008
0.22449016571044922
0.22992348670959473
0.2252058982849121
0.20345854759216309
0.19404816627502441
0.19768381118774414
0.20517778396606445
0.19109678268432617
0.19323015213012695
0.1899714469909668
0.2480626106262207
0.19140005111694336
0.17840313911437988
0.21579766273498535
0.33103013038635254
0.20293951034545898
0.17705798149108887
0.2878096103668213
0.19423294067382812
0.18172645568847656
0.3100011348724365
0.23954534530639648
0.19781494140625
0.28127288818359375
0.19855880737304688
0.1831808090209961
0.18431520462036133
0.2146897315979004
0.1727612018585205
0.21884846687316895
0.19288110733032227
0.19926929473876953
0.2041482925415039
0.19441819190979004
0.24479079246520996
0.33873796463012695
0.1844947338104248
0.18739867210388184
0.18202805519104004
0.19714617729187012
0.20418572425842285
0.18491649627685547
0.19867801666259766
0.16822600364685059
0.3246009349822998
0.19292688369750977
0.21486425399780273
0.18865346908569336
0.20449280738830566
0.19524145126342773
0.18428516387939453
0.19502830505371094
0.19642329216003418
0.20663022994995117
0.2049105167388916
0.19391727447509766
0.18774127960205078
0.19631385803222656
0.23708343505859375
0.32298755645751953
0.1802964210510254
0.3643488883972168
0.1893312931060791
0.21039128303527832
0.3591623306274414
0.17805981636047363
0.3552110195159912
0.3549845218658447
0.18589043617248535
0.19549965858459473
0.17920207977294922
0.19748616218566895
0.18654894828796387
0.22397303581237793
0.23136186599731445
0.19408893585205078
0.1949617862701416
0.34101247787475586
0.18773317337036133
0.23302173614501953
0.21534061431884766
0.2154541015625
0.20372557640075684
0.20940876007080078
0.19740653038024902
0.19946837425231934
0.20690274238586426
0.2947235107421875
0.17789530754089355
0.1658034324645996
0.17595195770263672
0.17595934867858887
0.17520427703857422
0.16275405883789062
0.1878812313079834
0.20474624633789062
0.20623445510864258
0.22212648391723633
0.2009296417236328
0.18686509132385254
0.1734018325805664
0.19820308685302734
0.1891493797302246
0.2089071273803711
0.21493983268737793
0.2853550910949707
0.1733412742614746
0.19897198677062988
0.22550582885742188
0.17632436752319336
0.17833328247070312
0.1908416748046875
0.185333251953125
0.2088770866394043
0.17909955978393555
0.18358325958251953
0.185286283493042
0.1786940097808838
0.2222895622253418
0.187666654586792
0.17740750312805176
